ARMA_CUB_TXT_FN008
8 1 5
   2.3499760161034369e-03
   5.8749703748443063e-06
   1.8584741420107540e-06
   6.5224014345345824e-11
   7.8151599378482963e-14
   -2.5521370740073181e-06
   -4.4039784390267004e-09
   -9.7916372828296325e-09
   2.3499757417268685e-03
   5.8749708742845748e-06
   1.1281390627507754e-06
   6.7837112094665905e-11
   7.3395016631158973e-14
   -3.7778139211927289e-06
   -6.7079708442664822e-09
   -9.7916383695830285e-09
   2.3499777895886671e-03
   5.8749730035181793e-06
   2.5433863972966764e-06
   4.8333660230520990e-11
   5.3116599942044931e-14
   -4.1196653293967066e-06
   -7.1644200634010054e-09
   -9.7916401940926239e-09
   2.3499739526475663e-03
   5.8749676500947032e-06
   8.2859560103361188e-07
   8.4875991040763875e-11
   1.0410160362163788e-13
   -1.2517279069271953e-06
   -2.1701400559648053e-09
   -9.7916344595431259e-09
   2.3499770163050654e-03
   5.8749718062634892e-06
   2.2802314460241037e-06
   5.5698274922279665e-11
   6.4519030533600988e-14
   -3.3550635357909727e-06
   -5.8094931212209134e-09
   -9.7916388382463499e-09
