ARMA_CUB_TXT_FN008
8 1 5
   -4.3374049425862655e-03
   -7.4003756888448631e-06
   -1.5170141355610858e+00
   4.1308690604127560e-05
   7.0479819493234285e-08
   3.5435479702587258e-01
   9.5027317899396490e-04
   9.3826898060281820e-09
   -7.3468730981236016e-03
   -1.2889484206169305e-05
   -2.4301153845321206e+00
   6.9970350223044707e-05
   1.2275708606012651e-07
   5.6541056773411480e-01
   1.6076010410163428e-03
   1.6621517133262297e-08
   -5.2028324419669276e-03
   -8.9445974046855480e-06
   -1.7923324331716810e+00
   4.9550873183349646e-05
   8.5186704506756432e-08
   4.1822871440478682e-01
   1.1394960562435431e-03
   1.1392925141901961e-08
   -4.8634687005845939e-03
   -8.3360048796960797e-06
   -1.6855423170417181e+00
   4.6318831238591454e-05
   7.9390580637381187e-08
   3.9347118403062065e-01
   1.0653089997059934e-03
   1.0598336347526408e-08
   -4.7252141074939219e-03
   -8.0892063185605129e-06
   -1.6416018798148573e+00
   4.5002118282821038e-05
   7.7040116306456842e-08
   3.8328057595410620e-01
   1.0350843122424807e-03
   1.0276982075510841e-08
