ARMA_CUB_TXT_FN008
8 1 5
   1.0000000000000000e+01
   1.0000000000000000e+01
   1.0000000000000000e+01
   1.0000000000000000e+01
   1.0000000000000000e+01
   1.0000000000000000e+01
   1.0000000000000000e+01
   1.0000000000000000e+01
   1.0000000000000000e+01
   1.0000000000000000e+01
   1.0000000000000000e+01
   1.0000000000000000e+01
   1.0000000000000000e+01
   1.0000000000000000e+01
   1.0000000000000000e+01
   1.0000000000000000e+01
   1.0000000000000000e+01
   1.0000000000000000e+01
   1.0000000000000000e+01
   1.0000000000000000e+01
   1.0000000000000000e+01
   1.0000000000000000e+01
   1.0000000000000000e+01
   1.0000000000000000e+01
   1.0000000000000000e+01
   1.0000000000000000e+01
   1.0000000000000000e+01
   1.0000000000000000e+01
   1.0000000000000000e+01
   1.0000000000000000e+01
   1.0000000000000000e+01
   1.0000000000000000e+01
   1.0000000000000000e+01
   1.0000000000000000e+01
   1.0000000000000000e+01
   1.0000000000000000e+01
   1.0000000000000000e+01
   1.0000000000000000e+01
   1.0000000000000000e+01
   1.0000000000000000e+01
